M 14.71,27.22
C 12.37,30.83 13.02,33.00 11.52,33.00
 10.03,33.00 10.68,30.86 8.34,27.24
 7.69,26.25 7.02,25.27 6.37,24.43
 6.37,24.43 21.71,6.21 21.71,6.21
 22.53,7.80 23.00,9.60 23.00,11.52
 23.00,18.49 18.54,21.21 14.71,27.22M 11.50,15.90
C 12.84,15.90 14.04,15.30 14.86,14.33
 14.86,14.33 6.37,24.43 6.37,24.43
 4.33,21.76 2.34,19.62 1.15,16.97
 1.15,16.97 8.11,8.67 8.11,8.67
 7.47,9.42 7.09,10.42 7.09,11.49
 7.09,13.93 9.06,15.90 11.50,15.90M 11.50,7.10
C 10.13,7.10 8.94,7.73 8.11,8.67
 8.11,8.67 14.98,0.55 14.98,0.55
 17.90,1.47 20.31,3.51 21.71,6.21
 18.32,10.22 14.86,14.36 14.86,14.36
 15.51,13.58 15.91,12.59 15.91,11.52
 15.91,9.07 13.94,7.10 11.50,7.10M 8.11,8.67
C 8.11,8.67 1.15,16.97 1.15,16.97
 0.42,15.40 0.00,13.66 0.00,11.49
 0.00,8.70 1.02,6.11 2.69,4.11
 2.69,4.11 8.11,8.67 8.11,8.67 Z
M 8.11,8.67
C 8.11,8.67 2.69,4.11 2.69,4.11
 4.80,1.60 7.97,0.00 11.48,0.00
 12.69,0.00 13.89,0.20 14.98,0.55
 14.98,0.55 8.11,8.67 8.11,8.67 Z